[gd_scene load_steps=6 format=3]

[sub_resource type="StandardMaterial3D" id="BoardMat"]
albedo_color = Color(0.9, 0.9, 0.88, 1)
roughness = 0.6

[sub_resource type="StandardMaterial3D" id="RimMat"]
albedo_color = Color(0.85, 0.15, 0.08, 1)
metallic = 0.3
roughness = 0.4

[sub_resource type="StandardMaterial3D" id="NetMat"]
albedo_color = Color(0.95, 0.95, 0.9, 1)
roughness = 0.7

[sub_resource type="StandardMaterial3D" id="BallMat"]
albedo_color = Color(0.85, 0.4, 0.08, 1)
roughness = 0.8

[sub_resource type="StandardMaterial3D" id="SeamMat"]
albedo_color = Color(0.04, 0.04, 0.04, 1)
roughness = 0.6

[node name="Basketball" type="Node3D"]

[node name="Backboard" type="CSGBox3D" parent="."]
transform = Transform3D(1, 0, 0, 0, 1, 0, 0, 0, 1, 0, 2.1447396, 0)
use_collision = true
size = Vector3(0.9, 0.6, 0.03)
material = SubResource("BoardMat")

[node name="Rim" type="CSGTorus3D" parent="."]
transform = Transform3D(1, 0, 0, 0, 1.0000001, 0, 0, 0, 1.0000001, 0, 1.8447397, -0.3)
use_collision = true
inner_radius = 0.18
outer_radius = 0.22
sides = 16
material = SubResource("RimMat")

[node name="NetRing1" type="CSGTorus3D" parent="."]
transform = Transform3D(1, 0, 0, 0, 1, 0, 0, 0, 1, 0, 1.8388491, -0.3)
inner_radius = 0.12
outer_radius = 0.14
sides = 12
material = SubResource("NetMat")

[node name="NetRing2" type="CSGTorus3D" parent="."]
transform = Transform3D(1, 0, 0, 0, 1, 0, 0, 0, 1, 0, 1.6888492, -0.3)
inner_radius = 0.08
outer_radius = 0.1
sides = 12
material = SubResource("NetMat")

[node name="NetRing3" type="CSGTorus3D" parent="."]
transform = Transform3D(1, 0, 0, 0, 1, 0, 0, 0, 1, 0, 1.5388491, -0.3)
inner_radius = 0.04
outer_radius = 0.06
sides = 12
material = SubResource("NetMat")

[node name="NetStrand1" type="CSGBox3D" parent="."]
transform = Transform3D(0.9900861, 0.13478859, 0.039517835, -0.14041889, 0.95679206, 0.2546215, -0.003490273, -0.25764614, 0.966233, 0.065828696, 1.6917903, -0.35458744)
size = Vector3(0.01, 0.3169922, 0.01)
material = SubResource("NetMat")

[node name="NetStrand2" type="CSGBox3D" parent="."]
transform = Transform3D(0.96555, -0.26021808, 0, 0.26021808, 0.96555, 0, 0, 0, 1, -0.08657286, 1.6884072, -0.3)
size = Vector3(0.01, 0.3227417, 0.01)
material = SubResource("NetMat")

[node name="NetStrand3" type="CSGBox3D" parent="."]
transform = Transform3D(0.98357147, -0.18051915, 0, 0.17352614, 0.94546956, -0.27563736, 0.04975782, 0.27110904, 0.9612617, 0.0005793092, 1.6879026, -0.21828853)
size = Vector3(0.01, 0.323584, 0.01)
material = SubResource("NetMat")

[node name="NetStrand4" type="CSGBox3D" parent="."]
transform = Transform3D(0.98148036, 0.18691424, 0.041944716, -0.19156274, 0.95766336, 0.21490566, 2.0243809e-09, -0.21896072, 0.9757337, 0.014477678, 1.6893123, -0.38327512)
size = Vector3(0.01, 0.30324095, 0.01)
material = SubResource("NetMat")

[node name="Ball" type="CSGSphere3D" parent="."]
transform = Transform3D(1, 0, 0, 0, 1, 0, 0, 0, 1, 0.5, 0.12, -0.81742424)
radius = 0.12
material = SubResource("BallMat")

[node name="SeamEquator" type="CSGTorus3D" parent="Ball"]
inner_radius = 0.12
outer_radius = 0.124
sides = 24
material = SubResource("SeamMat")

[node name="SeamMeridian1" type="CSGTorus3D" parent="Ball"]
transform = Transform3D(1, 0, 0, 0, 0, -1, 0, 1, 0, 0, 0, 0)
inner_radius = 0.12
outer_radius = 0.124
sides = 24
material = SubResource("SeamMat")

[node name="SeamMeridian2" type="CSGTorus3D" parent="Ball"]
transform = Transform3D(0, 0, 1, 0, 1, 0, -1, 0, 0, 0, 0, 0)
inner_radius = 0.12
outer_radius = 0.124
sides = 24
material = SubResource("SeamMat")
